1
612
432
1
561
483
1
561
432
1
510
381
1
510
330
1
510
279
1
459
279
1
408
330
1
357
330
1
357
381
1
357
432
1
306
483
1
357
534
1
357
585
1
408
585
1
459
636
1
510
636
1
561
636
1
612
585
1
663
585
1
663
534
1
714
483
1
714
432
1
663
381
1
612
381
1
561
381
1
459
381
1
408
381
1
357
483
1
306
534
1
255
585
1
204
636
1
204
687
1
204
738
1
255
738
1
255
789
1
306
789
1
357
789
1
408
789
1
459
789
1
510
789
1
561
738
1
612
738
1
612
687
1
663
687
1
663
636
1
561
687
1
510
738
1
663
738
1
714
738
1
765
738
1
765
687
1
765
636
1
765
585
1
765
534
1
714
534
1
765
483
1
816
483
1
867
483
1
918
483
1
969
432
1
918
381
1
867
381
1
816
381
1
765
381
1
816
330
1
765
330
1
714
330
1
714
279
1
663
279
1
612
279
1
663
228
1
612
228
1
561
279
1
561
228
1
510
228
1
459
228
1
408
228
1
357
279
1
357
228
1
408
279
1
306
330
1
255
381
1
204
432
1
255
432
1
306
432
1
408
483
1
408
534
1
459
534
1
510
483
1
510
534
1
561
534
1
510
585
1
459
585
1
408
636
1
408
687
1
357
687
1
306
738
1
204
789
1
357
738
1
357
636
1
306
636
1
306
687
